<?xml version="1.0" encoding="UTF-8"?>
<svg width="116px" height="110px" viewBox="0 0 116 110" version="1.1" xmlns="http://www.w3.org/2000/svg" xmlns:xlink="http://www.w3.org/1999/xlink">
    <title>F2B1747D-AA41-44F1-B80F-C4972777DE89</title>
    <defs>
        <polygon id="path-1" points="0 0 38 0 38 43 0 43"></polygon>
        <polygon id="path-3" points="0 0 24 0 24 21 0 21"></polygon>
        <polygon id="path-5" points="0 0 33 0 33 40 0 40"></polygon>
    </defs>
    <g id="Page-1" stroke="none" stroke-width="1" fill="none" fill-rule="evenodd">
        <g id="Origin-Home-Page" transform="translate(-966.000000, -11046.000000)">
            <g id="Group-25" transform="translate(0.000000, 10955.000000)">
                <g id="Group-44" transform="translate(966.000000, 91.000000)">
                    <g id="Group-3" transform="translate(0.000000, 57.000000)">
                        <mask id="mask-2" fill="white">
                            <use xlink:href="#path-1"></use>
                        </mask>
                        <g id="Clip-2"></g>
                        <path d="M11.8462707,32.8613206 C11.8056666,34.6450129 12.0083624,36.3884472 12.6573788,38.050716 C13.0228159,38.9831449 13.5094158,39.7535676 14.2802446,40.3619839 C14.6450321,40.6051557 15.0507485,40.7269039 15.4970691,40.6457384 C16.3893854,40.4834075 17.1598894,40.0376467 17.9307181,39.5915613 C19.8780921,38.3750532 21.4603538,36.7533672 22.9610824,35.0102575 C26.1655602,31.2802172 28.6804175,27.1044162 30.3841667,22.482205 C31.844616,18.5495757 32.4936324,14.4955229 31.8848953,10.2788144 C31.6415954,8.65712835 31.1955996,7.11660774 30.465375,5.69751068 C29.8569627,4.52191002 28.9643216,3.75148739 27.6662888,3.42715018 C26.368256,3.10281296 25.0702232,2.89989929 23.7315863,2.98106476 C22.312066,3.02164749 20.932825,3.18397843 19.5535839,3.50799098 C14.8480527,4.60275083 10.7509337,6.75136313 7.22194772,10.0759007 C5.76182327,11.4949978 4.74736972,13.1575913 4.13895746,15.0630318 C3.81444927,16.0360435 3.77384514,17.0496379 3.97654095,18.0632322 C4.34165327,19.8875073 5.43731507,21.2254389 6.8568354,22.279616 C7.05985604,22.4416223 7.22194772,22.5633705 7.42464353,22.644536 C7.58706005,22.7659595 7.70887243,22.7257015 7.79008069,22.5227878 C7.83068482,22.4416223 7.83068482,22.3604568 7.87096411,22.279616 C8.80388457,19.3199984 10.1425215,16.5629697 11.7650624,13.9276893 C13.3469993,11.2920841 15.2940484,8.94088283 17.4035141,6.67052232 C17.8495099,6.18385417 18.3364346,5.94068243 18.9857758,5.81925888 C20.2838086,5.57576248 21.5006331,5.61634521 22.6365742,6.34618511 C22.9204783,6.54877412 23.1637782,6.71110506 23.3667988,6.99485954 C23.8533987,7.60295123 23.8533987,8.12987746 23.3261947,8.69738642 C22.6365742,9.42722632 21.9875578,10.197649 21.2573332,10.9274889 C18.4176428,13.9276893 16.1866896,17.3333923 14.4829404,21.1036907 C12.8197953,24.833731 11.927479,28.766685 11.8462707,32.8613206 M6.49204791,31.6045545 C6.53265204,29.4153594 6.77562715,27.3070052 7.18166843,25.1580682 C7.34376011,24.2256393 7.30315598,24.4282283 6.57293134,24.1444739 C4.7067656,23.3337931 3.00301637,22.1984506 1.66437946,20.6173472 C0.366346688,19.1170847 -0.160857315,17.3333923 0.0421633269,15.3467863 C0.244859136,13.2790148 1.21838372,11.5355805 2.39460411,9.87331174 C4.30104915,7.19744855 6.8568354,5.25142526 9.61531747,3.54857372 C12.8197953,1.64313316 16.3081772,0.548697977 19.9999045,0.143195293 C22.5147618,-0.181141922 24.9789452,0.0555365864 27.4229888,0.751286988 C32.7502505,2.26778261 37.2979129,7.46237264 37.84818,12.7520886 C38.2269353,16.3915482 37.9290634,19.8875073 36.5907514,23.2932104 C34.7651898,28.1180106 32.0875911,32.4155598 28.6804175,36.2670237 C26.8145766,38.415636 24.6648316,40.2405604 22.1093702,41.4973265 C20.2432044,42.3891727 18.3364346,42.9566816 16.3081772,42.9972644 C14.0772239,43.0378471 12.0083624,42.6323444 10.1019173,41.416161 C9.04750934,40.7269039 8.31728469,39.7535676 7.79008069,38.618225 C7.10046017,37.0371216 6.69474372,35.3748528 6.57293134,33.6317432 C6.53265204,32.9424861 6.49204791,32.2938116 6.49204791,31.6045545" id="Fill-1" fill="#612D0F" mask="url(#mask-2)"></path>
                    </g>
                    <path d="M60.871352,69.361945 C60.9531868,68.4462834 61.0764319,67.8493345 61.199677,67.2125465 C61.3229222,66.5359194 61.1582667,67.0946228 61.3222648,66.4179957 C61.6509185,64.9455429 62.2664868,63.59197 63.3743784,62.5172707 C63.7027034,62.1590376 64.1131918,62 64.605515,62 C65.7137352,62.0398391 66.6576285,62.3582331 67.396442,63.1540587 C67.7661774,63.5122918 67.8890938,63.9106827 67.6840139,64.3884331 C67.1502804,65.62217 66.8630371,65.5810561 65.9605541,66.6155975 C65.2217406,67.4914201 64.6061723,68.4462834 64.1546022,69.4814623 C64.0724388,69.680339 63.990604,69.8792157 64.0313571,70.1182503 C64.1135205,70.4761647 63.9084406,70.6753601 63.5797869,70.7945587 C62.8823838,71.0731136 62.2257338,70.7550383 61.6509185,70.4363256 C61.1175136,70.1577707 60.8302703,69.7198594 60.871352,69.361945 M57.9575086,88.8636573 C58.2858336,88.6647806 58.4909135,88.3862257 58.6552403,88.1475099 C60.1325386,86.4360226 61.4458386,84.6053368 62.8002204,82.7746509 C64.1135205,80.9834855 65.3857388,79.1527996 66.5761224,77.2424356 C66.822284,76.8842025 67.1095273,76.7248462 67.5196871,76.7646852 C67.9715859,76.8443634 68.094831,77.0435589 67.9305042,77.4413123 C67.6429322,77.9984222 67.3556889,78.5160116 67.0273639,79.0731214 C65.7551456,81.3018795 64.2775187,83.451278 62.8413021,85.6003578 C62.061407,86.7544166 61.3640039,87.908794 60.5019453,89.0230137 C60.1736203,89.4210859 59.8042135,89.8194768 59.3940538,90.1773912 C58.3676683,91.0930528 56.8082067,91.2520904 55.4949066,90.6153024 C54.9615017,90.3765866 54.7153401,89.9386753 54.5099316,89.460925 C54.2226883,88.6249415 54.0997718,87.7494377 54.0176084,86.8739339 C53.9354449,85.1226075 54.1408535,83.4114389 54.6331767,81.7397907 C55.5359883,78.6750493 56.7263719,75.7298251 58.5730769,73.1029949 C58.6552403,72.9834776 58.7781568,72.864279 58.8192385,72.7447618 C59.1886452,72.1079738 59.7631318,71.9489361 60.4608636,71.9887752 C61.4458386,72.0286143 62.2664868,72.3865287 62.9642186,72.9834776 C63.333954,73.3021903 63.4568704,73.6999438 63.2928723,74.1773754 C63.0874637,74.8540025 62.8002204,75.4509514 62.4718954,76.0880582 C61.4047569,78.356974 60.2965367,80.5854133 59.3940538,82.9336886 C58.7781568,84.5256586 58.1625885,86.1574677 57.9164269,87.868955 C57.9164269,88.1870302 57.8753451,88.505743 57.9575086,88.8636573" id="Fill-4" fill="#612D0F"></path>
                    <path d="M88.871352,69.361945 C88.9531868,68.4462834 89.0764319,67.8493345 89.199677,67.2125465 C89.3229222,66.5359194 89.1582667,67.0946228 89.3222648,66.4179957 C89.6509185,64.9455429 90.2664868,63.59197 91.3743784,62.5172707 C91.7027034,62.1590376 92.1131918,62 92.605515,62 C93.7137352,62.0398391 94.6576285,62.3582331 95.396442,63.1540587 C95.7661774,63.5122918 95.8890938,63.9106827 95.6840139,64.3884331 C95.1502804,65.62217 94.8630371,65.5810561 93.9605541,66.6155975 C93.2217406,67.4914201 92.6061723,68.4462834 92.1546022,69.4814623 C92.0724388,69.680339 91.990604,69.8792157 92.0313571,70.1182503 C92.1135205,70.4761647 91.9084406,70.6753601 91.5797869,70.7945587 C90.8823838,71.0731136 90.2257338,70.7550383 89.6509185,70.4363256 C89.1175136,70.1577707 88.8302703,69.7198594 88.871352,69.361945 M85.9575086,88.8636573 C86.2858336,88.6647806 86.4909135,88.3862257 86.6552403,88.1475099 C88.1325386,86.4360226 89.4458386,84.6053368 90.8002204,82.7746509 C92.1135205,80.9834855 93.3857388,79.1527996 94.5761224,77.2424356 C94.822284,76.8842025 95.1095273,76.7248462 95.5196871,76.7646852 C95.9715859,76.8443634 96.094831,77.0435589 95.9305042,77.4413123 C95.6429322,77.9984222 95.3556889,78.5160116 95.0273639,79.0731214 C93.7551456,81.3018795 92.2775187,83.451278 90.8413021,85.6003578 C90.061407,86.7544166 89.3640039,87.908794 88.5019453,89.0230137 C88.1736203,89.4210859 87.8042135,89.8194768 87.3940538,90.1773912 C86.3676683,91.0930528 84.8082067,91.2520904 83.4949066,90.6153024 C82.9615017,90.3765866 82.7153401,89.9386753 82.5099316,89.460925 C82.2226883,88.6249415 82.0997718,87.7494377 82.0176084,86.8739339 C81.9354449,85.1226075 82.1408535,83.4114389 82.6331767,81.7397907 C83.5359883,78.6750493 84.7263719,75.7298251 86.5730769,73.1029949 C86.6552403,72.9834776 86.7781568,72.864279 86.8192385,72.7447618 C87.1886452,72.1079738 87.7631318,71.9489361 88.4608636,71.9887752 C89.4458386,72.0286143 90.2664868,72.3865287 90.9642186,72.9834776 C91.333954,73.3021903 91.4568704,73.6999438 91.2928723,74.1773754 C91.0874637,74.8540025 90.8002204,75.4509514 90.4718954,76.0880582 C89.4047569,78.356974 88.2965367,80.5854133 87.3940538,82.9336886 C86.7781568,84.5256586 86.1625885,86.1574677 85.9164269,87.868955 C85.9164269,88.1870302 85.8753451,88.505743 85.9575086,88.8636573" id="Fill-6" fill="#612D0F"></path>
                    <path d="M68.6440167,87.3705755 C69.096655,86.8064997 69.5901427,86.2424239 70.042781,85.6783482 C72.1405981,83.0186727 74.0331797,80.237663 76.0081189,77.4572986 C76.1313262,77.2559351 76.2136839,77.054249 76.2136839,76.8125483 C76.1313262,76.0067719 76.0081189,75.2006727 75.6786879,74.475248 C75.1440212,73.3470965 74.9381268,73.3067592 73.9508219,74.0321839 C72.9223381,74.7576086 72.181777,75.6843968 71.4823948,76.6918593 C70.0016021,78.7067845 69.2201916,81.0440848 68.7675533,83.4617369 C68.5619884,84.7512373 68.4796306,86.0407378 68.6440167,87.3705755 M62.0626427,95.4709361 C62.0007096,94.8568422 61.9802849,94.2614647 62.0214638,93.6973889 C62.0626427,93.2943394 62.309716,93.0929759 62.6799965,93.0123015 C62.9682487,92.931627 63.2146631,92.931627 63.4617364,92.9719642 C64.1199397,93.1329904 64.3666836,93.3346766 64.3255047,93.9794268 C64.1611186,96.2767126 65.1536944,98.452664 67.1302809,98.452664 C68.4480052,98.452664 69.4362984,97.4184175 70.2895249,95.7123141 C71.4003665,93.6570517 72.181777,91.4407631 72.8811592,89.1841372 C73.2514397,87.9749885 73.5805414,86.7258253 73.9508219,85.5169993 C73.909643,85.476662 73.8684641,85.476662 73.8684641,85.4363248 C73.5805414,85.9200488 73.3337975,86.3634356 73.0458747,86.846837 C72.5112081,87.8139623 71.8938542,88.7004132 71.1124437,89.4258379 C70.248346,90.2722743 69.2201916,90.5943267 68.0269923,90.513975 C67.368789,90.4736377 66.7105857,90.352626 66.0523824,90.0705882 C65.435358,89.8288875 64.9827197,89.3855007 64.6536181,88.8214249 C64.2833375,88.0960002 64.1189514,87.3302383 64.0365937,86.5647991 C63.8310287,83.3410479 64.4480531,80.237663 65.9291752,77.3769468 C66.8749718,75.5230478 68.0681712,73.870835 69.7136794,72.5409973 C71.770647,70.84877 75.0616635,70.8084327 77.3245255,72.7830207 C77.4065539,72.8636951 77.4889116,72.9440469 77.5300905,72.9843841 C77.7359849,73.2260848 77.900371,73.1454103 77.9827288,72.9040324 C78.1882938,72.5409973 78.3530093,72.2189449 78.5173955,71.8962471 C78.6409321,71.6545464 78.7641393,71.453183 78.9288549,71.2918341 C79.0935704,71.0501334 79.2991354,70.9697816 79.628237,71.0097962 C80.9034647,71.1711451 81.8907697,71.7755581 82.6310013,72.7426834 C83.0016112,73.2260848 83.0836396,73.750146 82.9192535,74.354559 C82.4666152,76.3691615 81.9319485,78.3437495 81.2737453,80.3183374 C80.5743631,82.2932481 79.9161598,84.267836 79.2167776,86.2424239 C78.4353671,88.4990498 76.354351,93.5460436 74.7071956,96.1276262 C73.0600403,98.7092087 70.7540227,100 67.459712,100 C64.4948323,100 62.3238815,98.0512279 62.0626427,95.4709361" id="Fill-8" fill="#612D0F"></path>
                    <g id="Group-12" transform="translate(92.000000, 70.000000)">
                        <mask id="mask-4" fill="white">
                            <use xlink:href="#path-3"></use>
                        </mask>
                        <g id="Clip-11"></g>
                        <path d="M7.22053138,9.24427734 C7.79009347,8.40151246 8.31925185,7.55874758 8.92954349,6.71564519 C10.4349078,4.56603786 12.225379,2.66956375 14.0969835,0.857129871 C15.2774889,-0.280957102 16.9454457,-0.154728001 18.0441661,0.477430036 C19.1836161,1.06773671 19.6309896,2.07925707 19.5088009,3.38609953 C19.4276676,4.31324215 19.1836161,5.1981959 18.8577797,6.04129829 C18.2067585,7.68497668 17.5557373,9.32865508 16.9047161,10.972671 C16.1725616,12.7425785 15.6434033,14.5972012 15.2774889,16.4936753 C15.2774889,16.6624308 15.2367594,16.7889974 15.2367594,16.9577529 C15.2367594,16.9999418 15.2367594,17.0421307 15.3586222,17.1261709 C15.6434033,16.6624308 15.9692397,16.2408796 16.2944245,15.7771396 C18.2067585,12.911334 20.1190925,10.0873797 22.0721561,7.22123662 C22.2350744,7.01062978 22.3979926,6.75783406 22.6013145,6.54688971 C22.8860956,6.21005377 23.4149281,6.12567603 23.7407645,6.33628287 C23.984816,6.42066061 24.0659493,6.58907858 23.9440865,6.8422118 C23.9033569,6.96877842 23.8218978,7.09500752 23.7407645,7.22123662 C21.9095638,10.4245532 20.1190925,13.6700586 18.3289472,16.9577529 C17.8408442,17.8005178 17.3116858,18.6014313 16.7013942,19.3598185 C15.6434033,20.6666609 14.3413609,20.9616455 12.7949411,20.5822832 C11.9813276,20.3716763 11.4928987,19.8235585 11.2895768,18.9807936 C10.9640662,17.8005178 11.0044699,16.5780531 11.1266586,15.3977772 C11.3303064,13.1641297 12.0627867,11.0989001 12.8356707,9.0336705 C13.2833699,7.81154329 13.7307434,6.63126745 14.1784426,5.45132912 C14.2191722,5.32476251 14.3006313,5.24038477 14.2599017,5.0719668 C14.1377131,5.02977792 14.0969835,5.15634454 14.0158503,5.1981959 C11.2081177,8.14871675 8.97027304,11.5204513 7.09834272,15.1449815 C6.32545869,16.6624308 5.63370794,18.1798801 4.82009436,19.6551405 C4.20980271,20.7507011 3.3958633,21.130401 2.0938209,20.9616455 C0.547727007,20.7085123 0.181161016,20.3294875 0.0182427983,18.5592424 C-0.0632163107,16.9577529 0.140431462,15.3977772 0.384808789,13.8384766 C0.954696716,10.2983241 1.93090268,6.92658955 3.59951107,3.76546185 C4.04688449,2.8805081 4.61644659,2.0370682 5.18600868,1.23615468 C5.67443749,0.519618906 6.32545869,0.351200935 7.057939,0.393389805 C7.95301169,0.435578676 8.76695111,0.77275213 9.45870186,1.3627213 C9.90607529,1.74208362 10.0689935,2.20582368 9.86534573,2.79613036 C9.62129424,3.55485501 9.29578364,4.22920192 9.0110026,4.94573769 C8.44111467,6.1678649 7.91228214,7.3899921 7.3834496,8.6121193 C7.30199049,8.78087478 7.22053138,8.99181914 7.13907227,9.16023711 C7.17980183,9.20242598 7.17980183,9.20242598 7.22053138,9.24427734" id="Fill-10" fill="#612D0F" mask="url(#mask-4)"></path>
                    </g>
                    <path d="M55.6475759,76.3497487 C55.317507,76.0225613 55.0646953,75.6800114 54.9663979,75.2289438 C54.870073,74.7896432 54.8562653,74.3467471 54.9049209,73.9002555 C54.9660691,73.3429583 55.0420113,72.7866416 55.0748866,72.22771 C55.1383361,71.1552804 54.7099699,70.4940415 53.7733501,70.1992133 C53.0734332,69.9789092 52.3508322,69.9782555 51.6256012,70.024016 C51.4635255,70.0344755 51.4086236,70.1250159 51.3524067,70.2505304 C50.9069452,71.2399373 50.2961206,72.1286712 49.6451879,72.9922369 C48.5113159,74.4964492 47.247586,75.9068526 46.3142538,77.5571716 C46.161712,77.8271585 45.9631447,78.0781874 45.7037579,78.3011063 C45.6445822,78.0736114 45.7412359,77.9052782 45.8079729,77.7398867 C46.1193028,76.9671883 46.4523305,76.2029883 46.7580715,75.4283287 C46.9829392,74.8592645 47.0832091,74.2676468 46.9799804,73.6541295 C46.9507213,73.4805666 46.9145584,73.3210586 46.7140185,73.249803 C46.0062115,72.9971398 45.2984044,72.7487257 44.538983,72.6967549 C43.6937568,72.6385737 43.3278538,72.8601852 42.9714846,73.6194823 C42.0927255,75.4937008 41.2537457,77.3855698 40.5130632,79.316989 C39.6954524,81.4491005 38.8433224,83.5717331 38.2847696,85.7904626 C38.0201227,86.8416463 37.867581,87.9153832 38.1552406,88.9887934 C38.4941858,90.2534169 39.4357369,90.7930637 40.6596875,90.9787205 C41.6952621,91.1359405 42.1390798,90.3923327 42.6381282,89.7245565 C42.6466758,89.7131164 42.6509496,89.6990614 42.6585109,89.6866407 C43.2282414,88.7367839 43.7927117,87.7839853 44.3690173,86.8383776 C46.1051664,83.9884803 47.6868012,81.0464083 49.5633282,78.280841 C50.2655465,77.2456735 50.951327,76.1980854 51.7778142,75.2492091 C52.0542962,75.4293093 52.2140706,75.6898172 52.3610235,75.9490176 C53.0129424,77.09924 54.0307644,77.6287541 55.3224383,77.6516344 C55.7751324,77.6598059 56,77.4705536 56,77.1257157 C56,76.7805509 55.7991314,76.4997777 55.6475759,76.3497487" id="Fill-13" fill="#612D0F"></path>
                    <path d="M28.7070376,110 C28.2356792,110 28,109.792531 28,109.377593 L28,104.647007 C28,104.43687 28.0603227,104.276526 28.1816694,104.165975 C28.3030161,104.055424 28.4650456,104 28.6677578,104 C28.8378536,104 28.9721768,104.029046 29.0703764,104.087137 C29.1685761,104.145228 29.2797522,104.240664 29.4042553,104.373444 L32.5862754,107.80083 L32.5862754,104.614108 C32.5862754,104.204801 32.8216039,104 33.2929624,104 C33.7643208,104 34,104.204801 34,104.614108 L34,109.40249 C34,109.585062 33.9445873,109.73029 33.8330606,109.838174 C33.7218845,109.946058 33.5710779,110 33.3813421,110 C33.1982698,110 33.0523732,109.969472 32.9443535,109.908417 C32.8363339,109.847659 32.7198971,109.751037 32.5957447,109.618257 L29.4140753,106.190871 L29.4140753,109.377593 C29.4140753,109.792531 29.1783961,110 28.7070376,110" id="Fill-15" fill="#612D0F"></path>
                    <path d="M41.0149044,110 C40.0326144,110 39.2845871,109.787498 38.7711731,109.36279 C38.2570577,108.937786 38,108.306487 38,107.467711 L38,104.654056 C38,104.444215 38.0655795,104.282843 38.1967386,104.169647 C38.3275469,104.056746 38.5172716,104 38.7662634,104 C39.269858,104 39.5223567,104.218413 39.5223567,104.654056 L39.5223567,107.475691 C39.5223567,107.950052 39.6496581,108.307374 39.905313,108.547658 C40.1602665,108.78735 40.5302472,108.907344 41.0149044,108.907344 C42.0031562,108.907344 42.4976328,108.430324 42.4976328,107.475691 L42.4976328,104.654056 C42.4976328,104.218413 42.7494301,104 43.2537261,104 C43.495704,104 43.6808697,104.056746 43.8085218,104.169647 C43.9361739,104.282843 44,104.444215 44,104.654056 L44,107.467711 C44,108.306487 43.747852,108.937786 43.243556,109.36279 C42.7396107,109.787498 41.9968438,110 41.0149044,110" id="Fill-17" fill="#612D0F"></path>
                    <path d="M49.0046948,110 C48.7665996,110 48.5851777,109.941477 48.4600939,109.823529 C48.3346747,109.705882 48.2723005,109.540816 48.2723005,109.327731 L48.2723005,105.07563 L46.6103286,105.07563 C46.2032193,105.07563 46,104.896158 46,104.537815 C46,104.179172 46.2032193,104 46.6103286,104 L51.3896714,104 C51.7964453,104 52,104.179172 52,104.537815 C52,104.896158 51.7964453,105.07563 51.3896714,105.07563 L49.7276995,105.07563 L49.7276995,109.327731 C49.7276995,109.540816 49.6666667,109.705882 49.5446009,109.823529 C49.4225352,109.941477 49.2424547,110 49.0046948,110" id="Fill-19" fill="#612D0F"></path>
                    <path d="M55.6203215,106.689376 L57.073384,106.689376 C57.9444001,106.689376 58.3800949,106.409064 58.3800949,105.848739 C58.3800949,105.294418 57.9444001,105.017107 57.073384,105.017107 L55.6203215,105.017107 L55.6203215,106.689376 Z M54.8153876,110 C54.550312,110 54.3483318,109.941477 54.2090737,109.823529 C54.0698157,109.705882 54,109.540816 54,109.327731 L54,104.664166 C54,104.221489 54.275156,104 54.8258413,104 L57.3660872,104 C58.1881951,104 58.8225098,104.159664 59.2682849,104.478992 C59.7144334,104.798319 59.9373209,105.243998 59.9373209,105.815426 C59.9373209,106.258103 59.7965695,106.62605 59.5143199,106.920468 C59.2320704,107.214586 58.8296034,107.414766 58.3069191,107.521008 C58.6765316,107.610744 58.9793152,107.826531 59.2163898,108.168367 L59.8645184,109.134454 C60.0108701,109.347539 60.0384977,109.545318 59.9481479,109.726891 C59.8574249,109.909364 59.6378974,110 59.2895657,110 C59.0595845,110 58.8714182,109.960684 58.7246932,109.882353 C58.5787149,109.804022 58.4532707,109.683673 58.3487338,109.521309 L57.3451799,108.033613 C57.240643,107.876951 57.1114653,107.770408 56.9583934,107.714586 C56.8049482,107.658463 56.6238755,107.630252 56.4148017,107.630252 L55.6203215,107.630252 L55.6203215,109.327731 C55.6203215,109.540816 55.5523725,109.705882 55.4164746,109.823529 C55.2805767,109.941477 55.0800899,110 54.8153876,110 L54.8153876,110 Z" id="Fill-21" fill="#612D0F"></path>
                    <path d="M64.0064516,110 C63.6792627,110 63.4299539,109.942205 63.2580645,109.825726 C63.0861751,109.709544 63,109.546532 63,109.3361 L63,104.6639 C63,104.221399 63.3354839,104 64.0064516,104 C64.6686636,104 65,104.221399 65,104.6639 L65,109.3361 C65,109.778897 64.6686636,110 64.0064516,110" id="Fill-23" fill="#612D0F"></path>
                    <path d="M71.0046948,110 C70.7665996,110 70.5851777,109.941477 70.4600939,109.823529 C70.3346747,109.705882 70.2723005,109.540816 70.2723005,109.327731 L70.2723005,105.07563 L68.6103286,105.07563 C68.2032193,105.07563 68,104.896158 68,104.537815 C68,104.179172 68.2032193,104 68.6103286,104 L73.3896714,104 C73.7964453,104 74,104.179172 74,104.537815 C74,104.896158 73.7964453,105.07563 73.3896714,105.07563 L71.7276995,105.07563 L71.7276995,109.327731 C71.7276995,109.540816 71.6666667,109.705882 71.5446009,109.823529 C71.4225352,109.941477 71.2424547,110 71.0046948,110" id="Fill-25" fill="#612D0F"></path>
                    <path d="M78.0064516,110 C77.6792627,110 77.4299539,109.942205 77.2580645,109.825726 C77.0861751,109.709544 77,109.546532 77,109.3361 L77,104.6639 C77,104.221399 77.3354839,104 78.0064516,104 C78.6686636,104 79,104.221399 79,104.6639 L79,109.3361 C79,109.778897 78.6686636,110 78.0064516,110" id="Fill-27" fill="#612D0F"></path>
                    <path d="M84.9955419,108.910297 C85.5006918,108.910297 85.895465,108.741403 86.1795542,108.403026 C86.4633359,108.064649 86.6053805,107.595402 86.6053805,106.995873 C86.6053805,106.39045 86.4648732,105.921497 86.1835511,105.588426 C85.9022291,105.255944 85.5065334,105.089409 84.9955419,105.089409 C84.4962337,105.089409 84.1048424,105.255944 83.8207533,105.588426 C83.5366641,105.921497 83.3943121,106.39045 83.3943121,106.995873 C83.3943121,107.595402 83.5366641,108.064649 83.8207533,108.403026 C84.1048424,108.741403 84.4962337,108.910297 84.9955419,108.910297 M84.9955419,110 C84.3987702,110 83.8748655,109.87473 83.4247502,109.624484 C82.97402,109.373944 82.6238278,109.024956 82.3744812,108.576341 C82.1245196,108.128021 82,107.601297 82,106.995873 C82,106.39045 82.1245196,105.863726 82.3744812,105.415406 C82.6238278,104.966791 82.9727902,104.618687 83.4201384,104.371389 C83.867794,104.123796 84.3929285,104 84.9955419,104 C85.5981553,104 86.1248271,104.123796 86.5755573,104.371389 C87.02598,104.618687 87.3758647,104.966791 87.6258263,105.415406 C87.8751729,105.863726 88,106.387797 88,106.98762 C88,107.592749 87.8751729,108.120947 87.6258263,108.572215 C87.3758647,109.023187 87.02598,109.373944 86.5755573,109.624484 C86.1248271,109.87473 85.5981553,110 84.9955419,110" id="Fill-29" fill="#612D0F"></path>
                    <path d="M92.7070376,110 C92.2356792,110 92,109.792531 92,109.377593 L92,104.647007 C92,104.43687 92.0603227,104.276526 92.1816694,104.165975 C92.3030161,104.055424 92.4650456,104 92.6677578,104 C92.8378536,104 92.9721768,104.029046 93.0703764,104.087137 C93.1685761,104.145228 93.2797522,104.240664 93.4042553,104.373444 L96.5862754,107.80083 L96.5862754,104.614108 C96.5862754,104.204801 96.8216039,104 97.2929624,104 C97.7643208,104 98,104.204801 98,104.614108 L98,109.40249 C98,109.585062 97.9445873,109.73029 97.8330606,109.838174 C97.7218845,109.946058 97.5710779,110 97.3813421,110 C97.1982698,110 97.0523732,109.969472 96.9443535,109.908417 C96.8363339,109.847659 96.7198971,109.751037 96.5957447,109.618257 L93.4140753,106.190871 L93.4140753,109.377593 C93.4140753,109.792531 93.1783961,110 92.7070376,110" id="Fill-31" fill="#612D0F"></path>
                    <path d="M68.8042379,46 C65.7475263,46 64.0076833,44.8229943 62.164724,43.5764755 C61.974911,43.448458 61.7841128,43.3191824 61.5900307,43.1899068 C59.4278702,41.7556081 56.5235344,41.7556081 54.361374,43.1899068 L52.5584789,44.3876721 C49.3211494,46.5372329 44.9712136,46.5372329 41.7345409,44.3876721 C41.4823326,44.2203372 41.2393194,44.0552041 41.003531,43.8954182 C38.9001534,42.4680394 37.5107092,41.5247363 35.1820519,42.4551432 C34.776811,42.6168164 34.3160712,42.609582 33.9177266,42.4340691 C33.5190537,42.2588708 33.2120032,41.9289192 33.075062,41.5281962 C32.8198982,40.7808511 33.234991,39.953613 34.0211714,39.6447355 C37.9386094,38.1066388 40.4383612,39.8051505 42.855357,41.4476742 C43.0901603,41.606831 43.3246352,41.7666169 43.560752,41.9229429 C45.7078062,43.3459183 48.6036038,43.3364821 50.766421,41.9002961 L52.5637333,40.7069344 C55.8007344,38.5580026 60.1506702,38.5580026 63.387343,40.7069344 L65.1908948,41.9043851 C67.3530552,43.3393129 70.257391,43.3389984 72.4195515,41.9043851 C72.6287399,41.7653588 72.838585,41.6231871 73.0507289,41.4794427 C75.5330757,39.7979161 78.3467741,37.8918086 82.1354809,39.7903672 C82.8123054,40.129755 83.1492399,40.8739547 82.9367675,41.5599647 C82.7994979,42.0003196 82.4707734,42.3541762 82.033678,42.5303181 C81.5946123,42.7061455 81.1046452,42.6863296 80.6859401,42.4749592 C78.6406887,41.4432707 77.3251336,42.324924 75.5041768,43.5459652 C73.873033,44.639618 71.8428878,46 68.8052231,46 L68.8042379,46 Z" id="Fill-33" fill="#612D0F"></path>
                    <path d="M70.0246896,52 C69.8890778,52 69.7515195,51.9979368 69.6120146,51.9946947 C67.3023971,51.9383991 64.2634608,50.9265531 62.576749,50.0034242 C61.1255734,49.2082128 59.9887705,48.8383128 59.0002322,48.8383128 C58.0113694,48.8383128 56.874891,49.2082128 55.4233909,50.0028347 C53.737328,50.9259636 50.6987162,51.9383991 48.3887742,51.9946947 C43.6394428,52.1120016 41.12511,50.1180784 39.9201768,49.1595805 C39.7865116,49.0528843 39.6729611,48.9626935 39.5821207,48.8963768 C39.2586639,48.660584 39.0549218,48.3228107 39.0095016,47.9470159 C38.9640814,47.571221 39.0824984,47.2016158 39.3433401,46.90658 C39.8812452,46.297645 40.8645926,46.2000857 41.5345407,46.6887664 C41.6562019,46.7774834 41.7921381,46.8850639 41.943647,47.0059077 C43.0003156,47.8459197 44.7661884,49.2606767 48.3047469,49.1640017 C50.1711929,49.1180221 52.696232,48.1901772 53.8148668,47.5774106 C58.7118139,44.8964461 61.3140673,46.1614746 64.0694516,47.5010727 C65.6935485,48.2906839 67.3727984,49.1071166 69.6957175,49.1640017 C73.2375203,49.2574346 75.0497865,47.8055402 76.0272943,47.0286028 C76.1813985,46.9059905 76.3144149,46.8001785 76.4428892,46.7055666 L76.4438625,46.7049771 C77.0411382,46.2655182 77.8866029,46.2702341 78.4543555,46.7161773 C78.8096064,46.9950023 79.008482,47.3970291 79,47.8185088 C78.9909627,48.240578 78.7784611,48.6337625 78.4173704,48.897261 C78.2840297,48.9939361 78.1490668,49.0944428 78.0095619,49.1981916 C76.4143393,50.385998 74.2477955,51.9994105 70.0246896,52" id="Fill-35" fill="#612D0F"></path>
                    <path d="M58.4920543,51 C60.0206962,51 61.5503412,51.6406182 63.3086806,52.9229095 C63.6788045,53.1925879 63.9255538,53.6169711 63.9857366,54.0863593 C64.0459193,54.5553959 63.9138516,55.0332226 63.623637,55.3978335 C63.0993783,56.0581414 62.137123,56.1773344 61.4339878,55.6661056 C59.2185938,54.061044 58.0523858,53.8402382 55.5160171,55.6970465 C55.147565,55.966725 54.6861638,56.0627122 54.2491702,55.9593413 C53.8121765,55.8573769 53.4323565,55.5644927 53.2070055,55.1559316 C52.7907415,54.3996364 53.0207733,53.4039005 53.7309298,52.8881009 C55.4635244,51.6297186 56.9767863,51 58.4920543,51" id="Fill-37" fill="#612D0F"></path>
                    <path d="M47.5341677,40 C44.45272,40 42.6963232,38.7069028 40.9981566,37.4562724 C40.816504,37.3226173 40.6348515,37.1889621 40.4513001,37.0566238 C38.6654718,35.7687938 35.9552409,35.6618038 33.8602236,36.7968851 C33.486475,37.0003306 33.0431035,37.0312754 32.6459363,36.8831354 C32.2481362,36.7349955 31.924706,36.4173176 31.7582439,36.0114141 C31.4477889,35.2526084 31.7778649,34.3529051 32.5098551,33.962474 C35.599531,32.3141701 39.4873389,32.5133361 42.1833288,34.4569322 L43.9210539,35.7101962 C45.4217446,36.7916179 47.4692918,37.1293769 49.2661964,36.5888307 C49.6222228,36.4815116 52.753989,35.4399231 52.9609589,31.9609386 L52.9609589,31.6946159 C52.9695036,29.9110109 52.98058,27.70603 50.4038985,26.1640577 C48.4715456,27.9898003 45.8097342,31.0497133 45.7822015,31.0813165 C45.5103556,31.3947148 45.13724,31.5800544 44.7321611,31.6014524 C44.3251834,31.623838 43.9365609,31.4793192 43.634967,31.1962073 C43.3336896,30.9134246 43.1561511,30.5256271 43.1352642,30.1035929 C43.1146938,29.6815586 43.2526738,29.2766427 43.5248362,28.9629152 C43.6068013,28.8684349 45.3239561,26.8922479 47.0537695,25.1152269 C45.0631865,24.8762278 43.1327324,25.1037049 42.4004258,25.2120117 L33.3358363,31.2113505 C32.628847,31.6794727 31.6870386,31.4615424 31.2370213,30.7257806 C30.7873204,29.9903481 30.9965057,29.0106492 31.7038114,28.5421978 L37.0385105,25.0121873 L32.8301206,25.0121873 C32.4051042,25.0121873 31.9965442,24.8245434 31.7095078,24.4986355 C31.422155,24.1727276 31.2787951,23.7319289 31.3161383,23.2894843 C31.3838624,22.481957 32.07218,21.8489056 32.8820213,21.8489056 L37.023953,21.8489056 L34.0463067,19.2742332 C33.4228649,18.7350038 33.2829861,17.7905293 33.7282564,17.1242287 C33.9713038,16.7594752 34.3523311,16.5161965 34.7729169,16.4566113 C35.1935027,16.396697 35.6232661,16.5247557 35.9501774,16.8078676 L38.0388654,18.6138582 C39.5632912,19.9323038 41.4598832,21.5727069 42.0361712,22.0707863 C42.4282749,22.0138347 43.0599448,21.9361435 43.8343417,21.8887387 C43.1036174,21.0338066 42.4893532,20.4586944 42.4045399,20.3796864 C41.7760346,19.8052326 41.713374,18.8041358 42.2665599,18.149028 C42.8200622,17.4945786 43.7821245,17.4290678 44.4122121,18.0045092 C44.4938608,18.0789084 46.3607048,19.7999654 47.7781645,22.0283195 C49.2905645,22.2452622 50.6061214,22.6689425 51.7431905,23.3089071 C51.038733,22.3993278 50.1152798,21.4327969 49.2085993,20.484372 C48.4807232,19.7226035 47.728479,18.9354865 47.0945938,18.180302 C46.1337974,17.3671782 45.3027527,16.6518269 44.4236049,15.8805115 L37.0787019,15.4667073 C36.2707594,15.4216069 35.6163038,14.7523435 35.5894041,13.942841 C35.5742136,13.4971043 35.7409922,13.0628896 36.0470166,12.7517957 C36.3520916,12.4420187 36.7720445,12.2790647 37.1935797,12.3057299 L40.5126949,12.4930446 C39.9367233,12.01768 39.3164463,11.5172962 38.6066088,10.9550227 C38.2686211,10.6873832 38.0524736,10.2811506 38.0138645,9.8410103 C37.9749389,9.40087005 38.1173495,8.95974219 38.4040694,8.6312007 C38.930039,8.0307401 39.8462135,7.96094972 40.4921245,8.47285555 C42.8580383,10.3486365 43.9625112,11.3250434 45.3612993,12.5615182 C45.6423227,12.8100641 45.9360049,13.0694736 46.2550046,13.349952 C46.0594274,11.7042817 45.8473939,10.2334166 45.6410569,8.80205545 C45.4283905,7.32723993 45.2277498,5.93439519 45.0612877,4.46583447 C45.0116023,4.02635261 45.14262,3.58193276 45.4211117,3.24713647 C45.6989705,2.91234018 46.1034164,2.71284505 46.5306481,2.70000625 C47.2952345,2.66807386 47.9920968,3.31495165 48.0879865,4.15309457 C48.1490648,4.6903488 48.2158395,5.22068982 48.2810319,5.71481886 L50.8361936,1.70779778 C51.0713292,1.3390939 51.4472931,1.08791438 51.8672459,1.0194408 C52.2862494,0.949650425 52.7201269,1.06980839 53.053684,1.34699469 C53.6632012,1.85297493 53.7888389,2.79942462 53.3404039,3.50226639 L50.4437734,8.04950449 C49.472217,9.57666279 49.1070131,10.150129 48.9392851,10.3940661 C49.1506857,11.9182616 49.4146199,13.9678601 49.6244381,16.3822122 C50.1681299,17.0080212 50.7694189,17.6351469 51.4042534,18.2968387 C53.6635176,20.6529224 56,24.12236 56,27.9246188 C56,31.6939575 55.9968353,32.1285014 55.99462,32.164055 C55.5708696,37.3124121 51.4175451,40 47.5341677,40" id="Fill-39" fill="#612D0F"></path>
                    <g id="Group-43" transform="translate(53.000000, 0.000000)">
                        <mask id="mask-6" fill="white">
                            <use xlink:href="#path-5"></use>
                        </mask>
                        <g id="Clip-42"></g>
                        <path d="M15.971045,40 C15.06191,40 14.1744828,39.8734561 13.3330631,39.6233575 C12.2803976,39.3114815 8.302689,37.0642476 8.07880722,31.7736491 C8.03701163,30.7755797 8.04705553,29.781828 8.10764293,29.0478069 C8.44071163,25.1667947 7.32486669,23.4543001 6.97527415,23.0215266 C6.67914109,22.6555124 6.3350565,22.225396 5.94075241,21.7328379 C4.58806581,20.0435929 3.06042095,17.7299317 0.528386049,14.715463 L0.447710849,14.6194756 L0.403323289,14.4251759 L0.0112871744,10.0024495 C-0.0914198077,9.12926328 0.518342149,8.33280053 1.37012971,8.22751334 C2.21446534,8.12222614 2.99853757,8.74763872 3.10189254,9.61982853 L3.39996959,13.2447637 C3.58561975,13.4666307 3.76964993,13.6865049 3.95076413,13.9047184 L5.10224872,11.1157702 C4.79607175,8.35206443 4.46689101,6.20912129 4.14807817,4.13592676 C4.03046734,3.36802773 3.91415249,2.60909638 3.80010562,1.83056899 C3.73595426,1.38849563 3.85648106,0.936458182 4.13155434,0.589707928 C4.40533162,0.24328981 4.81259559,0.0290619227 5.24869527,0.00215888568 C6.05382729,-0.0413509642 6.76435224,0.573101115 6.88747102,1.41539867 C6.99795393,2.17300147 7.1120008,2.91366533 7.22701966,3.66495755 C7.31190682,4.21730015 7.39744197,4.77528906 7.48394911,5.3508812 L9.16484445,1.28088348 C9.49920914,0.470138874 10.4148241,0.0908392668 11.2053762,0.43327175 C11.5880164,0.599672015 11.8847975,0.908890872 12.0409639,1.30346875 C12.1971304,1.69904303 12.1935664,2.13248085 12.031244,2.52506591 L9.73734678,8.07805202 C12.1219631,5.97994727 12.7978204,5.27083636 14.0921876,4.11998422 C14.7194454,3.56398813 15.6583881,3.57362008 16.2308904,4.14223735 C16.5448433,4.45344903 16.7181816,4.88755112 16.7065177,5.33294584 C16.6951778,5.77900484 16.4998078,6.2028107 16.171599,6.49575488 C14.5817468,7.9093268 10.7618246,11.4113715 7.02938162,14.6340896 L6.19930184,16.6425176 C7.17064422,17.8348868 10.0409318,21.7936188 10.4903153,22.9670562 C11.0842014,22.293816 11.7979664,21.6534573 12.5755586,21.0964648 C12.5476949,20.7311149 12.4961794,19.9741764 12.3837526,18.3291055 L12.0273561,13.7702032 C11.9674167,12.892035 12.6154103,12.1281216 13.4714098,12.0670085 C13.8848297,12.0387769 14.2833457,12.1722957 14.5972986,12.450958 C14.9128715,12.7306167 15.1030576,13.1198804 15.1322173,13.5466755 L15.5074056,18.3593299 C16.2930978,17.5442675 17.0470383,16.7670687 17.7620992,16.0327154 C17.985009,14.2743861 18.1243277,12.9279057 18.2597583,11.6249351 C18.4211087,10.0708696 18.5882911,8.46333008 18.9074279,6.10981255 C19.0260107,5.23861914 19.809759,4.62350279 20.6631665,4.74938243 C21.0749664,4.80817055 21.4401108,5.02771262 21.6908843,5.36782015 C21.9413338,5.70759554 22.0476048,6.12741577 21.9902573,6.54956096 C21.6792204,8.84661532 21.524026,10.3389035 21.3600836,11.91954 C21.3429118,12.0842796 21.3254159,12.2500156 21.3082441,12.4170801 C22.9781235,10.7271708 24.0735567,9.63743176 24.2562909,9.45542109 C24.8994245,8.81639092 25.8869667,8.83299774 26.4844168,9.4647209 C26.7734219,9.77095053 26.9289404,10.174164 26.9221365,10.6002948 C26.9156565,11.0267577 26.7471782,11.424657 26.4484532,11.7209225 C26.4280414,11.7408507 26.0091135,12.1570174 25.2853047,12.8837316 L27.1233385,12.8903743 C27.5387023,12.8917028 27.9294425,13.0590995 28.2223356,13.3616756 C28.5152287,13.6639196 28.6756071,14.0651402 28.6743111,14.4916032 C28.6717191,15.3681108 27.9722101,16.0812073 27.1145906,16.0812073 L23.7557158,16.070579 C22.8012213,16.0679219 22.3618817,16.0665933 22.1405918,16.0626077 C21.2645045,16.9547257 20.2733984,17.9680734 19.2097169,19.0644552 C19.3798152,19.0697694 19.5502375,19.0797335 19.7216318,19.0930189 C19.902746,19.0471841 20.4775163,18.9412326 22.9253121,18.4885309 L28.3004188,17.494115 C28.7284186,17.4134058 29.1742381,17.5246715 29.5205907,17.7953625 C29.8666193,18.0650572 30.0879091,18.4755776 30.1284087,18.9216366 C30.201632,19.7360347 29.6197337,20.4929732 28.8032618,20.6444274 L26.3979097,21.08949 C29.1032828,22.4024246 30.8382856,23.9319121 32.5013612,25.5122164 C33.1305629,26.108401 33.1697665,27.1197559 32.5878683,27.766093 C32.3056671,28.0792975 31.9217309,28.2609761 31.506691,28.2782472 C31.0939191,28.2918647 30.6941071,28.1453926 30.3889021,27.856102 L30.3885781,27.8557698 C28.3590622,25.928051 26.2009196,24.0943267 22.2024752,22.8395159 L24.8858166,27.1386876 C25.1962056,27.6372242 25.2166174,28.2443693 24.9392761,28.7638304 C24.6651748,29.2759845 24.143216,29.5945031 23.5755736,29.5945031 C23.0406549,29.5945031 22.5507718,29.3191622 22.2633866,28.8581571 L18.1554313,22.2755485 C16.4942998,22.4167065 15.0035906,23.0869574 13.5951765,24.3188508 C12.1112713,25.6171714 10.9915383,26.9805908 11.1885284,31.6354805 C11.3472868,35.3886202 14.2036425,36.5587362 14.2328022,36.5700289 C16.0371403,37.1044361 18.1337236,36.7633322 19.6701163,35.6719324 L21.4491827,34.4074897 C24.6100954,32.1615843 28.5579962,32.1582629 31.7516326,34.3995184 C32.4453097,34.8851016 32.6682195,35.8280365 32.2593356,36.546115 C32.0409617,36.9307288 31.6729014,37.2067341 31.2510576,37.3027214 C30.8285657,37.3993731 30.3820982,37.3086999 30.0269977,37.0566085 C27.8844069,35.5340959 25.3416801,35.5244639 23.2224171,37.0303697 C23.037739,37.1615635 22.8543568,37.294418 22.6722706,37.4262761 C20.9249559,38.6920474 19.1173778,40 15.971045,40" id="Fill-41" fill="#612D0F" mask="url(#mask-6)"></path>
                    </g>
                </g>
            </g>
        </g>
    </g>
</svg>